Ea=12;
Ia=9;
wm=564.9;
wm0=666.6;
istall=54;
Ra=0.22680;
La=0.28;
Kt=1.7629*10^-2;
Kb=1.7629*10^-2;
Jm=6.24*10^-4;
CM=2.909*10^-5;
ia0=1.1;
Trat=Ia*Kt;

%pid values
Kp=1;
Kl=1;
Kd=1;
